al = 8.549880e+00 8.549880e+00 8.549880e+00
lc = 3 3 3
rc = 2.849960e+00 2.849960e+00 2.849960e+00
al = 8.549880e+00 8.549880e+00 8.549880e+00
lc = 3 3 3
rc = 2.849960e+00 2.849960e+00 2.849960e+00
nglob = 4000
 0.050000  0.878759 -5.139483 -3.821345
 0.100000  0.467645 -4.521725 -3.820257
 0.150000  0.505831 -4.579989 -3.821243
CPU & COMT = 1.356073e-01 9.745559e-03
